4294967294,440
4294967294,959
4294967279,299
4294967294,958
4294967279,148
4294967278,148
4294967294,425
4294967294,427
4294967279,325
4294967279,145
4294967278,449
4294967279,392
4294967278,321
4294967278,140
4294967279,138
4294967278,138
4294967278,111
4294967278,106
4294967278,105
4294967278,103
4294967278,97
4294967278,96
4294967278,95
4294967278,94
4294967278,92
4294967278,86
4294967278,85
4294967278,84
4294967278,83
4294967278,82
4294967278,81
4294967278,80
4294967278,79
4294967278,78
4294967278,75
4294967278,74
4294967278,73
4294967278,71
4294967278,63
4294967278,58
4294967278,57
4294967278,55
4294967278,44
4294967278,43
4294967278,41
4294967278,32
4294967278,31
4294967278,30
4294967278,29
4294967278,27
4294967278,19
4294967279,124
4294967279,123
4294967279,103
4294967279,96
4294967279,95
4294967279,93
4294967279,83
4294967279,81
4294967279,75
4294967279,74
4294967279,72
4294967279,66
4294967279,65
4294967279,64
4294967279,63
4294967279,62
4294967279,59
4294967279,58
4294967279,57
4294967279,55
4294967279,46
4294967279,45
4294967279,44
4294967279,43
4294967279,41
4294967279,31
4294967279,30
4294967279,28
4294967279,7
4294967294,69
4294967278,136
4294967294,945
4294967294,954
4294967294,89
4294967294,944
4294967294,943
4294967294,952
4294967294,428
4294967294,148
4294967294,444
4294967294,441
4294967294,134
4294967294,421
4294967294,424
4294967294,430
4294967294,103
4294967294,66
4294967294,35
4294967279,283
4294967278,329
4294967279,381
4294967278,273
4294967278,298
4294967278,323
4294967279,268
4294967278,267
4294967278,511
4294967279,342
4294967278,510
4294967278,375
4294967279,420
4294967278,509
4294967279,275
4294967279,380
4294967278,316
4294967278,371
4294967278,508
4294967279,340
4294967279,251
4294967279,338
4294967278,507
4294967278,506
4294967279,389
4294967279,387
4294967279,385
4294967279,412
4294967279,243
4294967279,298
4294967279,297
4294967279,418
4294967279,18
4294967279,408
4294967278,18
4294967278,17
4294967278,16
4294967278,14
4294967279,17
4294967279,15
4294967278,231
4294967279,378
4294967278,505
4294967278,482
4294967278,455
4294967279,411
4294967279,289
4294967279,426
4294967278,504
174,2
174,6
174,5
174,4
4294967279,425
4294967278,470
4294967279,288
4294967278,503
4294967278,502
4294967279,403
4294967279,417
4294967278,367
4294967279,372
4294967278,481
4294967279,437
4294967278,381
23,2
4294967278,453
4294967278,0
23,4
4294967278,480
36,2
168,2
4294967279,189
36,5
4294967278,188
36,4
168,8
4294967279,188
168,4
168,7
168,6
168,5
4294967278,131
4294967278,5
4294967278,4
4294967279,131
4294967279,122
4294967279,6
4294967279,5
4294967279,4
161,4
4294967279,415
173,5
173,2
173,4
4294967279,260
4294967278,458
4294967278,176
4294967279,169
4294967278,167
4294967279,167
4294967278,166
4294967278,165
219,11
219,0
4294967279,157
4294967278,156
4294967279,154
219,10
219,9
4294967278,151
4294967278,145
4294967278,338
148,2
148,5
148,4
4294967294,5
4294967278,290
4294967278,344
4294967278,340
4294967278,319
4294967279,287
4294967279,0
4294967279,349
4294967279,284
4294967279,347
4294967279,323
4294967294,164
4294967294,451
4294967294,469
4294967294,384
4294967279,137
4294967278,501
223,6
223,5
223,4
223,3
223,2
223,1
4294967279,296
4294967278,269
4294967294,483
4294967279,263
222,5
222,4
222,3
222,2
222,1
4294967279,276
4294967279,421
4294967279,295
138,4
221,5
221,4
221,3
221,2
221,1
4294967278,500
4294967294,38
4294967294,37
4294967279,316
4294967279,384
4294967278,334
4294967279,428
4294967278,251
4294967279,244
220,7
220,6
220,5
220,4
220,3
220,2
220,1
4294967294,1090
4294967279,294
4294967279,235
214,0
214,7
4294967278,232
4294967294,482
4294967278,499
4294967279,223
4294967278,222
4294967278,220
219,8
219,7
219,6
219,5
219,4
219,3
219,2
219,1
4294967294,40
4294967278,498
4294967279,334
4294967278,469
4294967279,209
4294967279,208
4294967278,203
4294967278,206
4294967278,204
4294967279,204
0,7
4294967294,96
4294967294,969
4294967294,94
4294967294,8
0,5
4294967294,0
4294967294,950
4294967294,906
4294967294,903
4294967294,46
4294967294,92
4294967294,91
4294967294,90
4294967294,88
4294967294,87
4294967294,86
4294967294,85
4294967294,84
4294967294,918
4294967294,899
4294967294,29
4294967294,901
4294967294,185
4294967294,27
4294967294,160
4294967294,112
4294967294,454
4294967294,25
4294967294,448
4294967294,418
4294967294,949
4294967294,28
4294967279,301
4294967279,409
4294967279,305
4294967279,198
4294967279,197
217,12
4294967279,196
217,11
217,10
4294967279,195
217,9
4294967278,194
217,8
4294967279,194
217,7
217,6
4294967279,193
217,5
217,4
4294967279,192
217,3
217,2
217,1
4294967294,7
4294967294,6
4294967294,93
4294967294,95
4294967294,22
4294967294,17
4294967294,99
4294967294,76
4294967294,53
4294967279,292
4294967279,291
4294967294,67
4294967294,36
4294967294,951
4294967294,26
4294967294,52
4294967294,51
4294967294,2
4294967294,45
4294967294,44
4294967294,43
4294967294,42
4294967294,39
4294967294,41
4294967294,82
4294967278,297
4294967279,433
4294967279,184
4294967278,183
4294967279,183
4294967279,182
4294967278,475
4294967294,9
4294967278,497
4294967294,481
4294967278,496
4294967278,171
4294967279,171
4294967278,170
4294967279,170
4294967279,363
4294967278,157
214,6
2,2
214,5
214,4
214,3
214,2
214,1
4294967279,407
4294967278,147
4294967279,146
4294967279,273
4294967279,282
4294967294,1113
4294967294,1091
4294967294,480
4294967278,377
4294967279,343
4294967279,278
4294967278,463
4294967279,317
4294967278,313
4294967278,369
4294967278,253
4294967279,427
4294967278,305
4294967278,174
4294967278,478
4294967278,353
4294967278,476
4294967278,328
4294967278,477
4294967278,479
4294967279,410
4294967279,370
4294967279,434
